5.140278	0.069284	23.480692	0.205048	0.568288	0.025143
5.209720	0.082319	23.504755	0.240563	1.063871	0.029709
4.538947	0.108369	24.624421	0.307757	1.234012	0.099059
4.695960	0.115646	24.245973	0.315081	0.570344	0.099303
5.184960	0.061239	72.228710	0.547227	4.018290	0.074137
4.968147	0.098585	25.432251	0.280719	0.737297	0.075893
4.930719	0.100332	25.010266	0.301889	0.452334	0.064611
5.295345	0.070167	23.859934	0.204712	1.300264	0.025502
5.120742	0.079354	24.214944	0.240676	1.253795	0.032541
5.103610	0.056224	49.043676	0.350092	0.875385	0.042766
5.161644	0.060519	49.684253	0.377385	0.619460	0.046377
5.134435	0.075178	24.221342	0.227923	0.962980	0.030273
4.940435	0.089665	24.088178	0.256781	1.607490	0.057255
4.791129	0.105827	22.394362	0.261671	0.589721	0.081953
5.109653	0.058215	49.296343	0.363915	0.667120	0.044482
5.254859	0.061030	46.092542	0.346672	1.167005	0.043010
5.263070	0.063356	23.811839	0.185624	0.871147	0.023049
5.138345	0.060619	70.928161	0.542133	3.678808	0.066463
4.727630	0.093502	25.548958	0.307335	0.613887	0.058301
5.102305	0.060971	47.312453	0.366342	0.676830	0.044745
5.212152	0.061300	70.812655	0.539425	3.541967	0.066634
4.770367	0.107052	23.907016	0.275508	0.531618	0.093462
5.160199	0.093441	24.360935	0.283012	1.376725	0.038240
5.039629	0.074678	23.876820	0.226198	1.391051	0.031327
4.747396	0.157167	23.490201	0.419998	0.901586	0.123970
4.870875	0.075666	23.638894	0.238115	0.774944	0.028385
5.296909	0.073333	24.130515	0.216308	0.201509	0.026951
5.195346	0.061798	72.082266	0.550112	3.937271	0.074429
5.208233	0.056569	96.739474	0.680582	1.385742	0.084037
5.185644	0.061507	47.100395	0.361884	2.337606	0.044581
5.074696	0.071979	23.516286	0.216155	0.216825	0.026326
4.898566	0.080076	24.276965	0.247758	0.300887	0.040688
5.151375	0.079668	22.794868	0.227944	0.996738	0.028563
4.956093	0.077065	24.398233	0.243169	0.604521	0.032777
5.013212	0.087232	23.881028	0.266254	1.286945	0.036115
4.550813	0.085495	24.670390	0.264086	0.617976	0.065588
5.098735	0.067341	48.146760	0.407337	2.584107	0.055630
5.188897	0.069017	23.722922	0.204393	0.262624	0.025188
4.178336	0.139402	22.496845	0.374244	1.322672	0.136550
4.785375	0.107630	24.772953	0.307058	1.126009	0.085327
5.202143	0.070004	24.118204	0.210224	1.211521	0.025942
4.962133	0.076522	24.514493	0.245072	0.612385	0.029498
5.312007	0.069770	25.065226	0.213150	1.366490	0.026598
5.077650	0.070390	24.283290	0.217813	0.366155	0.026972
5.220619	0.060137	48.525242	0.362034	2.357963	0.044760
4.904494	0.113913	23.931082	0.324568	0.802925	0.074016
5.094714	0.090588	24.225273	0.262458	1.295392	0.049786
4.517243	0.156152	24.083618	0.400223	1.333850	0.159951
5.329022	0.075489	23.613625	0.216557	0.801243	0.027070
5.047883	0.069603	23.228247	0.207575	0.406286	0.025210
4.940036	0.077058	24.272541	0.239826	1.324255	0.035642
5.058776	0.073039	23.789964	0.222599	1.365701	0.027066
4.629207	0.139016	24.356173	0.382113	1.460734	0.123731
4.476406	0.107786	24.163578	0.297576	1.266621	0.101873
4.767975	0.114690	24.642034	0.304453	0.783444	0.103225
5.183026	0.068842	23.613357	0.203168	0.491576	0.025022
5.123725	0.077614	24.801170	0.241820	0.764243	0.031638
4.962687	0.073290	24.067829	0.226193	1.190975	0.032438
4.880457	0.101929	23.957453	0.285731	1.296768	0.070718
5.086877	0.058776	48.713623	0.364736	0.537190	0.044477
5.225367	0.065702	47.132342	0.383831	1.877250	0.047477
5.084821	0.068443	23.382533	0.203951	0.498995	0.024865
5.173964	0.068705	46.277334	0.398086	0.483271	0.048982
5.075509	0.094733	23.902174	0.248252	1.036013	0.067099
5.041989	0.082091	24.291662	0.243921	0.466852	0.043313
5.168376	0.063687	49.103530	0.391977	2.638138	0.048203
4.986875	0.085516	24.928912	0.262876	1.575412	0.047374
5.185776	0.057826	93.974902	0.678810	1.387174	0.083625
4.913888	0.074500	23.757976	0.230804	0.488923	0.031121
4.503709	0.153173	24.296328	0.379958	1.297262	0.168560
4.966704	0.065909	23.252673	0.200031	1.257219	0.024088
4.868286	0.074612	24.895352	0.247413	1.277751	0.029485
4.715573	0.108377	25.169044	0.301700	1.718160	0.098181
5.125961	0.077700	24.908282	0.231950	0.621790	0.042178
5.220515	0.074923	23.131027	0.215011	0.273790	0.026582
5.284528	0.078138	27.125016	0.259706	2.397024	0.032318
5.011336	0.109337	23.171232	0.285482	1.481825	0.073522
5.256136	0.075778	24.472544	0.228487	0.305853	0.028351
4.769638	0.100279	24.575491	0.296512	0.902104	0.072016
4.953827	0.073989	23.655720	0.228256	1.108306	0.028493
4.162592	0.151955	23.687900	0.421756	1.323879	0.162559
5.256617	0.087038	23.155230	0.248288	1.330700	0.030810
4.899637	0.099051	23.530094	0.296619	0.610752	0.049088
5.923548	0.045495	70.755891	0.350738	1.543100	0.046456
5.140674	0.075450	22.841932	0.216780	1.433241	0.027134
5.248574	0.065568	23.091792	0.186821	1.214162	0.023163
4.842293	0.082404	23.658374	0.238401	1.619924	0.051328
4.671462	0.111775	23.299627	0.315813	0.570905	0.080162
5.124447	0.069971	24.380362	0.212568	1.007229	0.029872
4.915982	0.055058	23.879205	0.173399	1.218516	0.020769
4.714966	0.104956	24.951430	0.294086	0.937895	0.091828
5.054189	0.069762	24.313667	0.217165	0.918277	0.026826
5.212035	0.093784	23.193621	0.260781	1.238467	0.043033
5.143188	0.059031	47.608163	0.354013	2.286740	0.043422
4.296661	0.108905	23.611536	0.292359	1.474409	0.112305
5.152500	0.070219	23.791659	0.210060	0.292438	0.025790
5.240976	0.070626	23.391320	0.204146	0.385516	0.025292
5.320510	0.077485	23.773050	0.224150	0.513209	0.027995
5.178882	0.059040	47.042957	0.347138	2.549103	0.043084
5.294189	0.060890	23.496803	0.174982	0.988730	0.021796
